2.950393483466842715e-01 8.848498472828509875e-01 5.799180248984301400e-01 1.176740036307807102e+01 1.414947776017196723e+01 8.562552854864292629e-01
3.324095640914295213e-01 8.262616060159624354e-01 3.738874283484722172e-01 1.129335248375227962e+01 1.423134538138334726e+01 8.673225074642482157e-01
2.238366673207966839e-01 7.133007568417356614e-01 3.213825354504756260e-01 1.108067477693379921e+01 1.430511166644867771e+01 1.088559657586247731e+00
3.736337834705023564e-01 8.194514019676965022e-01 3.583718450865309157e-01 1.123829954076446036e+01 1.436843137992776320e+01 9.645551459357278867e-01
2.890402663528600646e-01 7.518313640618472515e-01 5.136415153926664479e-01 1.133321318341721451e+01 1.371243207342743275e+01 1.050918476940940760e+00
2.764963168240555658e-01 8.314288758420416148e-01 2.884351374908197263e-01 1.168595607985355755e+01 1.419236628752093488e+01 7.702042740404381194e-01
3.895420208750268176e-01 8.437491322836698782e-01 5.756203972064811714e-01 1.116873317583225678e+01 1.432285676942275643e+01 8.369091939483784826e-01
2.975313283337982506e-01 7.935457018305500654e-01 2.244028542398130988e-01 1.122812184727120943e+01 1.441000277542251951e+01 7.769766133244458972e-01
2.343558242588426044e-01 7.105606056571772688e-01 5.165042090670510788e-01 1.140668218347515150e+01 1.361101544153306087e+01 1.033937698855117882e+00
3.630278146842503828e-01 8.001459771991820125e-01 2.172616669181604010e-01 1.199369353653610837e+01 1.381382723822177283e+01 7.810761572700777311e-01
3.063109431981364539e-01 7.006070895354067352e-01 2.695533344122478803e-01 1.117718611926706274e+01 1.376372994096887226e+01 8.099510954653114103e-01
3.354423288147797555e-01 8.162596642799709867e-01 2.995441108522479690e-01 1.138718991154087057e+01 1.396064194712037754e+01 1.154794783107236045e+00
2.755448928699050226e-01 8.459395459525036465e-01 2.009312186765549735e-01 1.195614928783159847e+01 1.447493323407775456e+01 1.186286992443488897e+00
3.921972902912158054e-01 8.594828139585528604e-01 5.345994350288932884e-01 1.112817923287804511e+01 1.373276863249187763e+01 1.210695327273524136e+00
2.588097358063341513e-01 7.293988239619639824e-01 3.700181153039107662e-01 1.137438258021399307e+01 1.412550878802596621e+01 9.138344238584966694e-01
3.016553819902403344e-01 8.932044588440829491e-01 2.397287870057812909e-01 1.164688378069740082e+01 1.390087813048142173e+01 9.031481228201253542e-01
3.292244079133482826e-01 8.660879901294229466e-01 3.173219246587885567e-01 1.128428799768924407e+01 1.445994246331254729e+01 7.002985331094504495e-01
3.568184282895610071e-01 7.528021997377695174e-01 4.786768946396028346e-01 1.161374897246556337e+01 1.428288716174332329e+01 8.954454119438902682e-01
2.089060751453662990e-01 8.838923247517256332e-01 5.999839826140683785e-01 1.177652876484521016e+01 1.352393704670195085e+01 8.394156857934522709e-01
3.751788584246357749e-01 8.327834094759213324e-01 3.251289498376503384e-01 1.111400313699360609e+01 1.434047989966448355e+01 8.557009177120086241e-01
2.183618711847450655e-01 7.353866363459863331e-01 5.377755138828954617e-01 1.165845706124695091e+01 1.446484648720264765e+01 1.047223224949645592e+00
3.600228066485688938e-01 7.649090191149767737e-01 3.283513993225258276e-01 1.125383447367714140e+01 1.402004104535707896e+01 1.240003727520464061e+00
2.663671458465005637e-01 7.083727923462147524e-01 4.003555958802237913e-01 1.167567144304351956e+01 1.353177043183386274e+01 1.107263029556342815e+00
3.486447084238155636e-01 8.349321400251018543e-01 5.522281205281768246e-01 1.192954764061421713e+01 1.362012272818006053e+01 8.682722670474322113e-01
3.032102956252502590e-01 8.649266871403272772e-01 2.420774208041674425e-01 1.148977805073586822e+01 1.399107090368505979e+01 1.168797712875388584e+00
3.214167192306011112e-01 8.789693782291462254e-01 3.938877965385916280e-01 1.154101312650936961e+01 1.385041196150864096e+01 1.161672798896613790e+00
2.600149811609016037e-01 7.811759095455551583e-01 3.021729280938244000e-01 1.144336943161454556e+01 1.382469811912150526e+01 1.216448108803954042e+00
2.467873415755419686e-01 7.579469940643169812e-01 3.072875192613518380e-01 1.121824943584702972e+01 1.372565998185464231e+01 1.269375988454165327e+00
3.532929422742310810e-01 8.683833966158045481e-01 2.482353103297799124e-01 1.159474605796679825e+01 1.364255570153334141e+01 1.022181255359273955e+00
2.630055034974699835e-01 7.971257142087091463e-01 5.492849538092242634e-01 1.171994518468188495e+01 1.386090560728600174e+01 7.616349263362959254e-01
3.836463889674451289e-01 8.864913525572907238e-01 4.666826934395982840e-01 1.136926386271007772e+01 1.449416109327676416e+01 1.119383411754028002e+00
2.314412573268212481e-01 8.155176093877185561e-01 5.447314096544035866e-01 1.113496489692642655e+01 1.407220528087146505e+01 7.846110627406361893e-01
3.907857650038314978e-01 8.905568608410170395e-01 2.743359472335821225e-01 1.114797127699370627e+01 1.415219038007330887e+01 1.063755679487774719e+00
2.432169035698080461e-01 7.227479245518821926e-01 2.767350295058217946e-01 1.146216975403597971e+01 1.375961347771124466e+01 9.403356571185573776e-01
3.986528645249896030e-01 7.473489472097722963e-01 3.146635113337650780e-01 1.101139994415248857e+01 1.350884802208345725e+01 7.197973986661235779e-01
2.258026958458866362e-01 8.948876736397006759e-01 4.413084326362100018e-01 1.143642993720839129e+01 1.354665712230432106e+01 1.109730093015944163e+00
3.097529111662505885e-01 7.835695483532819638e-01 5.914446990955173344e-01 1.180046189286358782e+01 1.379765672068344529e+01 9.821328442229815270e-01
3.316295001722245339e-01 8.803299628805825172e-01 2.157246907204913577e-01 1.115627929789767769e+01 1.404709675554149051e+01 8.208308634150267569e-01
2.129629470200984365e-01 8.964857549132613235e-01 4.933084660147735168e-01 1.188476040068639250e+01 1.391931682227703249e+01 1.293759214246458233e+00
2.910293432423990412e-01 8.075789013413362527e-01 4.853910481429320467e-01 1.185220360842795273e+01 1.410187457606557437e+01 1.098369144211210680e+00
2.654372688944988679e-01 8.245329425288743241e-01 5.579858914844324502e-01 1.106532689172350636e+01 1.392345316481362083e+01 1.256319730131367107e+00
2.540226191233373454e-01 7.958367290436210162e-01 3.624148714666735049e-01 1.153515799092925143e+01 1.439628761260004985e+01 1.299742920824977999e+00
2.512330938327166918e-01 7.756431323624888297e-01 3.776927557113883283e-01 1.127563466392477487e+01 1.351941691247961863e+01 7.240001498962984616e-01
3.423970548159742111e-01 8.551091668262029710e-01 5.656541023162637849e-01 1.132797252719202774e+01 1.420901626873542511e+01 8.462745247467868825e-01
3.501389581710195875e-01 7.077279978354141798e-01 3.440435650759360864e-01 1.196657171619067483e+01 1.442480948092546278e+01 9.234972249904044306e-01
2.782322619750239312e-01 7.737469192310205690e-01 2.117103763877438427e-01 1.134837577241145468e+01 1.431699285700053004e+01 8.791006117765486350e-01
2.018024591166443782e-01 8.602833692748435013e-01 5.631004894282561901e-01 1.118472356372878984e+01 1.429161511424377196e+01 1.058080305092582218e+00
2.691312499271088510e-01 7.025997571496194194e-01 3.914430488683469656e-01 1.187915314468461858e+01 1.374140084387953209e+01 9.950923823789682432e-01
3.184204060005109693e-01 7.262616678048433583e-01 4.164336029679716611e-01 1.141370874759937593e+01 1.405645721532769343e+01 1.204041496420767743e+00
3.474508676804231588e-01 7.188032489680404868e-01 2.538198646467091923e-01 1.102962496043946850e+01 1.387168241869020768e+01 1.273148524814708082e+00
2.560383283505277552e-01 7.633159203464997544e-01 5.238094714554455411e-01 1.152616116686924563e+01 1.377978158828756250e+01 1.176027823140468831e+00
3.100572195479515125e-01 8.130206954658769636e-01 4.693152089661208337e-01 1.105744364902407639e+01 1.370667307833203630e+01 9.331594890102966611e-01
2.263102548396280500e-01 8.419642021341879889e-01 3.861520181547203889e-01 1.183827454914697874e+01 1.388291030101478007e+01 8.150923768103230937e-01
3.158463727896799189e-01 7.859701047596807655e-01 2.827375723735404689e-01 1.124105275741881727e+01 1.425648424949619475e+01 1.196987393115344744e+00
3.381318082681235015e-01 8.042147796962950679e-01 4.156588120949234466e-01 1.170933393848310722e+01 1.359687612884740027e+01 9.924517514809955143e-01
3.719557639688506057e-01 7.153819838497670336e-01 5.080643350183083884e-01 1.182441084867731718e+01 1.365269481333693946e+01 1.184280342873196279e+00
3.786357779765053833e-01 8.985875114018136989e-01 2.238236984866141532e-01 1.147211643981947660e+01 1.394007551832450531e+01 9.351710477242575204e-01
3.763686150088274562e-01 7.393610493948001849e-01 4.215614203843647823e-01 1.109430623660218806e+01 1.357737118626565831e+01 1.134455724372303242e+00
3.856583555694073073e-01 8.705158766656612146e-01 3.381097171726630823e-01 1.139364361418521376e+01 1.358069458420474440e+01 1.143372032086231505e+00
2.449299934508511190e-01 8.210540682310890626e-01 5.071308282295884373e-01 1.184646892998862100e+01 1.393757444825276437e+01 1.013904033171298957e+00
2.365701093719467796e-01 8.477624470631113240e-01 4.895154876815430156e-01 1.119265772716576457e+01 1.417553566027394218e+01 7.446059760631322799e-01
3.265836528027136754e-01 7.406253130257292039e-01 3.358194334557841332e-01 1.190364575006057812e+01 1.422681824730110733e+01 9.613977530516849557e-01
2.117346275877361184e-01 7.685489465587971303e-01 5.868218327294758563e-01 1.135521726516218344e+01 1.367536088799435134e+01 9.814441383214311809e-01
3.978798560980009169e-01 8.748287446363544051e-01 4.542204274533108155e-01 1.158356603276618912e+01 1.384475381518938519e+01 7.129420803286271591e-01
2.163602931507962179e-01 7.493047252571313210e-01 4.576218264507127542e-01 1.145149220638941223e+01 1.418214750418538728e+01 1.203407195887146841e+00
3.256033595383894252e-01 7.582768999168701951e-01 2.066341546656661476e-01 1.131612700639649383e+01 1.413494439638409794e+01 9.545909935591209150e-01
3.863355258511121382e-01 8.225529706178913436e-01 3.836529422894866537e-01 1.194421452745421597e+01 1.403982969783100110e+01 7.383985657685193660e-01
2.041295792295445277e-01 8.379491840588740859e-01 3.507206863296682409e-01 1.169882945118123807e+01 1.366863805609428617e+01 8.804057108315508362e-01
2.029151348384800602e-01 8.399215386784604220e-01 4.360103313786679591e-01 1.189891047078769049e+01 1.411007389609345530e+01 8.877713191839327056e-01
2.992502068284956240e-01 7.777121224339282879e-01 4.963160028035075166e-01 1.178180751235907486e+01 1.409621614152033153e+01 1.072394301794011406e+00
3.045983639805296961e-01 8.281888000251130810e-01 5.711980857154123070e-01 1.120963680323892930e+01 1.360395838069899632e+01 1.258274617660127381e+00
2.482064811488207401e-01 8.108372588714619633e-01 5.318508100334603528e-01 1.156738350277328742e+01 1.378110554693182621e+01 1.126272654165736409e+00
3.235655052390878361e-01 7.541800220167526048e-01 4.270501381227767568e-01 1.163444844968781489e+01 1.355131445231175036e+01 7.081844524493521309e-01
3.680677846285804744e-01 8.098434655037466401e-01 4.321629258052414602e-01 1.179594706815469962e+01 1.424316350697856670e+01 1.247703550660081984e+00
3.807438628332027175e-01 7.877471667916292608e-01 4.825466548805432687e-01 1.110985290256690305e+01 1.408923863412190691e+01 1.000010950063982440e+00
3.377342354323558671e-01 8.632910472127501844e-01 4.727546828496624332e-01 1.172581602095756281e+01 1.438641175298934627e+01 1.092100393813158155e+00
3.127498359669220185e-01 8.763125200936081605e-01 3.097616544174508491e-01 1.186722915090351727e+01 1.389595943651525189e+01 7.971390400640677720e-01
2.202310548850001659e-01 8.037954592684191102e-01 5.802599744528207371e-01 1.130973922570913359e+01 1.435176606977063152e+01 1.284495405569911375e+00
3.955069941355200402e-01 8.884540916479373163e-01 5.421299155609089482e-01 1.107827632266505802e+01 1.383815161956396977e+01 1.041268391208485911e+00
3.654443186092067863e-01 7.369767191307494691e-01 4.108321592844856873e-01 1.126387201630283563e+01 1.369743108859853109e+01 9.217757942825212103e-01
2.926285377110545149e-01 7.216793160300531973e-01 2.456644454050213311e-01 1.103655085561953975e+01 1.426167971033725657e+01 1.071652823164001012e+00
3.453271980540846275e-01 7.908671576492265487e-01 3.557896349462554286e-01 1.104463812530585720e+01 1.443549224926300312e+01 7.501951538706045364e-01
2.729574323206907516e-01 7.048295216964997056e-01 2.351970778403142670e-01 1.142528208666972844e+01 1.448592814309428611e+01 1.224496220480845388e+00
2.392099505275060156e-01 8.573084313736444306e-01 4.450779020190930857e-01 1.100670323674049733e+01 1.400256570668228306e+01 1.164755323436951873e+00
2.846763230752956675e-01 7.982739035097810021e-01 2.667116368046776875e-01 1.173716066657699741e+01 1.401832228299686989e+01 1.239574278016944753e+00
2.804567406929116546e-01 7.455659261565749096e-01 5.249427669023984944e-01 1.191811796498141973e+01 1.433897963208445425e+01 9.741921188616859961e-01
3.596901583683323467e-01 7.671085752983791695e-01 3.421736662359353698e-01 1.151797478890006410e+01 1.427218329699964450e+01 1.277986965831265254e+00
2.326360605562946549e-01 8.505805570014212114e-01 4.297778209551547102e-01 1.160648255436800191e+01 1.440836748371229170e+01 9.502560382356368684e-01
2.708368669649351412e-01 7.318241960035744009e-01 4.601848792763901241e-01 1.181189089195530251e+01 1.395469143250313060e+01 1.009196170467490772e+00
2.079065263827090670e-01 7.258495953834936953e-01 2.288049936313542032e-01 1.157528038053426300e+01 1.416329924029619747e+01 9.098962850950232939e-01
2.283377729439134418e-01 8.534948122785909197e-01 2.569686574364322129e-01 1.162171318539215292e+01 1.363525987127231254e+01 7.950089347361004588e-01
2.830909872104111491e-01 7.170453256287724342e-01 4.485109296565838455e-01 1.193649551066273951e+01 1.406220894879982453e+01 1.149906353953951799e+00
2.154381496493124604e-01 7.423315486221023773e-01 2.958456971756860399e-01 1.166463503091871523e+01 1.421792442335939732e+01 1.232220287379424128e+00
3.559717446757215131e-01 7.894863625754592329e-01 4.068225624903115678e-01 1.150513434062763096e+01 1.437728178355796871e+01 1.124896248200820459e+00
2.530400126118954596e-01 8.496525018048505240e-01 3.645397298078122961e-01 1.175819703702473262e+01 1.380716424912472284e+01 8.304053567737890162e-01
2.871975984510962143e-01 7.327617394205123702e-01 3.997395536261333371e-01 1.174753052080750493e+01 1.368040486647478460e+01 8.047974435991993580e-01
2.416742434677071616e-01 8.724886767771862228e-01 2.638572208601849267e-01 1.155489321440524009e+01 1.444501393751665042e+01 1.027719950964947504e+00
3.671543866704864989e-01 7.794632734564244103e-01 2.864078842831146998e-01 1.198022020742998173e+01 1.398457437669646986e+01 7.592626583844476196e-01
3.408257969806539056e-01 7.605820775414072754e-01 5.017760469735369488e-01 1.149700619515431654e+01 1.356854022960148143e+01 7.342496042633611664e-01
3.172435587099232124e-01 7.715899921984308296e-01 5.920884828556527424e-01 1.197975926884090825e+01 1.397154837488177037e+01 1.078658093086427350e+00
